glmboost_lda2 glmnet_lda2 lda2_lda2 nnet_lda2 rf_lda2 xgbTree_lda2 glmboost_glmboost glmnet_glmboost lda2_glmboost nnet_glmboost rf_glmboost xgbTree_glmboost glmboost_hdda glmnet_hdda lda2_hdda nnet_hdda rf_hdda xgbTree_hdda
0 0 0 0 0 0 0 0 0 0 0 0 0 0 0 0 0 0
0 0 0 0 0 0 0 0 0 0 0 0 0 0 0 0 0 0
0 0 0 0 0 0 0 0 0 0 0 0 0 0 0 0 0 0
0 0 0 0 0 0 0 0 0 0 0 0 0 0 0 0 0 0
0 0 0 0 0 0 0 0 0 0 0 0 0 0 0 0 0 0
0 0 0 0 0 0 0 0 0 0 0 0 0 0 0 0 0 0
0 0 0 0 0 0 0 0 0 0 0 0 0 0 0 0 0 0
0 0 0 0 0 0 0 0 0 0 0 0 0 0 0 0 0 0
0 0 0 0 0 0 0 0 0 0 0 0 0 0 0 0 0 0
0 0 0 0 0 0 0 0 0 0 0 0 0 0 0 0 0 0
0 0 0 0 0 0 0 0 0 0 0 0 0 0 0 0 0 0
0 0 0 0 0 0 0 0 0 0 0 0 0 0 0 0 0 0
0 0 0 0 0 0 0 0 0 0 0 0 0 0 0 0 0 0
0 0 0 0 0 0 0 0 0 0 0 0 0 0 0 0 0 0
0 0 0 0 0 0 0 0 0 0 0 0 0 0 0 0 0 0
0 0 0 0 0 0 0 0 0 0 0 0 0 0 0 0 0 0
0 0 0 0 0 0 0 0 0 0 0 0 0 0 0 0 0 0
0 0 0 0 0 0 0 0 0 0 0 0 0 0 0 0 0 0
0 0 0 0 0 0 0 0 0 0 0 0 0 0 0 0 0 0
0 0 0 0 0 0 0 0 0 0 0 0 0 0 0 0 0 0
0 0 0 0 0 0 0 0 0 0 0 0 0 0 0 0 0 0
0 0 0 0 0 0 0 0 0 0 0 0 0 0 0 0 0 0
0 0 0 0 0 0 0 0 0 0 0 0 0 0 0 0 0 0
0 0 0 0 0 0 0 0 0 0 0 0 0 0 0 0 0 0
0 0 0 0 0 0 0 0 0 0 0 0 0 0 0 0 0 0
0 0 0 0 0 0 0 0 0 0 0 0 0 0 0 0 0 0
0 0 0 0 0 0 0 0 0 0 0 0 0 0 0 0 0 0
0 0 0 0 0 0 0 0 0 0 0 0 0 0 0 0 0 0
0 0 0 0 0 0 0 0 0 0 0 0 0 0 0 0 0 0
0 0 0 0 0 0 0 0 0 0 0 0 0 0 0 0 0 0
0 0 0 0 0 0 0 0 0 0 0 0 0 0 0 0 0 0
0 0 0 0 0 0 0 0 0 0 0 0 0 0 0 0 0 0
0 0 0 0 0 0 0 0 0 0 0 0 0 0 0 0 0 0
0 0 0 0 0 0 0 0 0 0 0 0 0 0 0 0 0 0
0 0 0 0 0 0 0 0 0 0 0 0 0 0 0 0 0 0
0 0 0 0 0 0 0 0 0 0 0 0 0 0 0 0 0 0
0 0 0 0 0 0 0 0 0 0 0 0 0 0 0 0 0 0
0 0 0 0 0 0 0 0 0 0 0 0 0 0 0 0 0 0
0 0 0 0 0 0 0 0 0 0 0 0 0 0 0 0 0 0
0 0 0 0 0 0 0 0 0 0 0 0 0 0 0 0 0 0
0.0000976960438424102 0.0000976960438424102 -0.144762158904556 -0.0304926451406929 -0.844512714440308 -0.038450936699706 0.0000976960438424102 0.0000976960438424102 0.143382274835999 -0.295907317858684 0.0000976960438424102 0.0000976960438424102 0.0000976960438424102 0.0000976960438424102 -0.0556305312654962 0.0000976960438424102 0.0000976960438424102 0.0000976960438424102
0.000113002624035463 0.000113002624035463 0.000113002624035463 -1.22012204820292 0.000113002624035463 0.000113002624035463 0.000113002624035463 0.000113002624035463 0.000113002624035463 0.000113002624035463 0.000113002624035463 0.000113002624035463 -0.102878699365346 0.000113002624035463 0.0621352342256674 1.57343070651321 0.000113002624035463 0.000113002624035463
0.0235023135869108 -1.90261764249312 0.0000824637378924464 -1.50868292322981 0.0000824637378924464 0.0000824637378924464 0.0000824637378924464 0.0000824637378924464 0.0000824637378924464 0.0000824637378924464 0.0000824637378924464 0.125181474572189 0.0000824637378924464 -0.0544310550884024 0.0000824637378924464 0.0000824637378924464 0.0000824637378924464 0.0000824637378924464
0.0106647092474587 -0.111544542400587 0.000199724382868749 -0.187064957736933 0.000199724382868749 0.000199724382868749 0.000199724382868749 0.000199724382868749 0.000199724382868749 0.000199724382868749 0.000199724382868749 0.0877993958044582 0.000199724382868749 -0.0000173857354003326 0.000199724382868749 0.000199724382868749 0.000199724382868749 0.000199724382868749
-0.000199168219740309 -0.780768205528257 0.187784588072019 -0.059337668532115 -0.0203845642391265 0.463251464028697 -0.000199168219740309 -0.000199168219740309 -0.000199168219740309 -0.000199168219740309 -0.000199168219740309 -0.000199168219740309 -0.000109023619395354 -0.000199168219740309 -0.000199168219740309 0.0002466129253057 -0.000199168219740309 -0.000912538616453462
0.000207809607153941 -0.00417987469474945 0.0178627605604925 -0.000233522484729631 -0.00328218877002961 0.0374632078371517 0.000207809607153941 0.000207809607153941 0.000207809607153941 0.000207809607153941 0.000207809607153941 0.000207809607153941 0.000297954207498563 0.000207809607153941 0.000207809607153941 0.000653590752199507 0.000207809607153941 -0.013381311720398
-0.286157701540345 -0.00000712623925991362 -0.00000712623925991362 -0.00000712623925991362 -0.00000712623925991362 -0.00000712623925991362 -0.00000712623925991362 -0.00000712623925991362 -0.00000712623925991362 -0.00000712623925991362 -0.00000712623925991362 0.448568996627754 -0.00000712623925991362 -0.00000712623925991362 0.0127466579041293 -0.00000712623925991362 -0.00000712623925991362 -0.00000712623925991362
-0.000181205193824474 -0.000181205193824474 -0.000181205193824474 -0.0788441565836128 -0.000181205193824474 -0.000181205193824474 -0.000181205193824474 -0.000181205193824474 -0.000181205193824474 -0.000181205193824474 -0.000181205193824474 -0.000181205193824474 -0.0222289828248516 -0.000181205193824474 0.0144280776834388 0.00461208526181434 -0.000181205193824474 -0.000181205193824474
-0.000136622786985785 -0.000136622786985785 -0.0388688112993176 -0.0212201912725679 -0.0313504857831391 -0.00200163264609199 -0.000136622786985785 -0.000136622786985785 0.0529036187189675 -0.135215833912983 -0.000136622786985785 -0.000136622786985785 -0.000136622786985785 -0.000136622786985785 -0.00122352083734523 -0.000136622786985785 -0.000136622786985785 -0.000136622786985785
-0.000196422721016609 0.00498613425834127 -0.000196422721016609 -0.13593619985311 -0.210449753532888 -0.000196422721016609 -0.000196422721016609 -0.000196422721016609 -0.000196422721016609 -0.000196422721016609 -0.000196422721016609 0.280333955670666 -0.000718727998588964 0.00000308075713983946 -0.000196422721016609 -0.000196422721016609 -0.000196422721016609 -0.000196422721016609
-0.000263609538518894 -0.000697810196497395 -0.000263609538518894 -0.00103018066290983 -0.00253432440350876 0.0094601885584582 -0.000263609538518894 -0.000263609538518894 -0.000263609538518894 -0.0648034246224207 0.874990223650672 -0.000263609538518894 -0.00105941423701994 -0.000263609538518894 -0.000263609538518894 -0.000558879488679054 -0.000263609538518894 -0.0543368156263428
-0.0000840090174391017 -0.0000840090174391017 -0.0000840090174391017 -0.196081371242495 -0.0000840090174391017 -0.0000840090174391017 -0.0000840090174391017 -0.0000840090174391017 -0.0000840090174391017 -0.0000840090174391017 -0.0000840090174391017 -0.0000840090174391017 -0.000912462583782969 -0.0000840090174391017 -0.00293787343863616 -0.0225953249457904 -0.0000840090174391017 0.016733599929693
-0.000240106610099877 -0.000240106610099877 -0.000240106610099877 -0.00166356348811392 -0.0275867013566544 -0.000240106610099877 -0.000240106610099877 -0.000240106610099877 -0.000240106610099877 -0.000240106610099877 -0.000240106610099877 1.84416284933147 -0.000240106610099877 -0.000240106610099877 -0.000240106610099877 -0.0230897698326313 0.00179020975304711 -0.000240106610099877
-0.0000120065039337369 -0.433778463824545 -0.0000120065039337369 -0.765816559770398 -2.26845615662894 2.06681231240671 -0.0000120065039337369 -0.0000120065039337369 -0.0000120065039337369 -2.05362728388333 2.67312221439047 -0.0000120065039337369 -0.795020900306926 -0.0000120065039337369 -0.0000120065039337369 -0.294986686714054 -0.0000120065039337369 -1.29233575965552
0.000192135896956547 0.157082269908437 0.000192135896956547 -3.6027190073926 -0.54392392579479 0.000192135896956547 0.000192135896956547 0.000192135896956547 0.000192135896956547 0.000192135896956547 0.000192135896956547 1.53136784657847 -0.157923916313497 0.199496110575093 0.000192135896956547 0.000192135896956547 0.000192135896956547 0.000192135896956547
-0.0000508668571472803 -0.0000508668571472803 -0.0000508668571472803 -0.0636793893043823 -0.099524105247738 -0.0000508668571472803 -0.0000508668571472803 -0.0000508668571472803 -0.0000508668571472803 -0.0000508668571472803 -0.0000508668571472803 1.07749971482516 -0.0000508668571472803 -0.0000508668571472803 -0.0000508668571472803 -0.0328020508094422 0.00197944950599949 -0.0000508668571472803
-0.000305059987086853 -0.0862724133978561 -0.000305059987086853 -0.0601956940646056 -0.000305059987086853 -0.000305059987086853 -0.000305059987086853 -0.000305059987086853 -0.000305059987086853 -0.000305059987086853 -0.000305059987086853 0.671493869911031 -2.67203456259167 -0.000305059987086853 -0.000305059987086853 -0.000305059987086853 -0.959772976028311 0.168280962039328
0.00379228043774826 -0.0303421332020709 -0.000120388321999898 -0.0130830857246066 -0.000120388321999898 -0.000120388321999898 -0.000120388321999898 -0.000120388321999898 -0.000120388321999898 -0.000120388321999898 -0.000120388321999898 0.155949736845061 -0.000120388321999898 -0.000214784025595049 -0.000120388321999898 -0.000120388321999898 -0.000120388321999898 -0.000120388321999898
-0.0000410449468458696 -0.0152380679760964 -0.0000410449468458696 -0.000807616071236916 -0.490742527271184 0.137954132301743 -0.0000410449468458696 -0.0000410449468458696 -0.0000410449468458696 -0.168052757116875 0.450285185497413 -0.0000410449468458696 -0.000996010585047613 -0.0000410449468458696 -0.0000410449468458696 -0.0402863391536921 -0.0000410449468458696 -0.0274657332019146
0.0000011990472983392 0.0000011990472983392 0.0000011990472983392 -0.400508340040953 0.0000011990472983392 0.0000011990472983392 0.0000011990472983392 0.0000011990472983392 0.0000011990472983392 0.0000011990472983392 0.0000011990472983392 0.0000011990472983392 -0.0232714551187854 0.0000011990472983392 0.171368983472617 0.120792118529396 0.0000011990472983392 0.0000011990472983392
0.000252847735652928 -0.0033075976597714 0.000252847735652928 -0.000513723388738008 -0.0020178671293376 0.0230106730690032 0.000252847735652928 0.000252847735652928 0.000252847735652928 -0.232715065422046 0.516786736901755 0.000252847735652928 -0.00388533669655455 0.000252847735652928 0.000252847735652928 -0.00721748200340233 0.000252847735652928 -0.0328637569497132
-0.369801944108482 -0.0000332124418812585 -0.0000332124418812585 -0.0000332124418812585 -0.0000332124418812585 -0.0000332124418812585 -0.0000332124418812585 -0.0000332124418812585 -0.0000332124418812585 -0.0000332124418812585 -0.0000332124418812585 0.288009533120987 -0.0000332124418812585 -0.0000332124418812585 0.0337058818657293 -0.0000332124418812585 -0.0000332124418812585 -0.0000332124418812585
-0.000543805129188168 -0.000543805129188168 -0.334948848262224 -0.127850225021223 -1.70537155759557 -0.000808779207531973 -0.000543805129188168 -0.000543805129188168 0.163946023590195 -0.193223991933514 -0.000543805129188168 -0.000543805129188168 -0.000543805129188168 -0.000543805129188168 -0.987644852682899 -0.000543805129188168 -0.000543805129188168 -0.000543805129188168
0.0000975610381990233 -0.000481901141748287 0.0000975610381990233 -0.00138205798139501 0.0000975610381990233 0.0000975610381990233 0.0000975610381990233 0.0000975610381990233 0.0000975610381990233 0.0000975610381990233 0.0000975610381990233 0.130330817964394 -0.0138333847899257 0.0000975610381990233 0.0000975610381990233 0.0000975610381990233 -0.000862867306186343 0.00197348767116612
-0.450168850837608 -0.00014349672973446 -0.00014349672973446 -0.00014349672973446 -0.00014349672973446 -0.00014349672973446 -0.00014349672973446 -0.00014349672973446 -0.00014349672973446 -0.00014349672973446 -0.00014349672973446 1.01993144934004 -0.00014349672973446 -0.00014349672973446 0.212097763696303 -0.00014349672973446 -0.00014349672973446 -0.00014349672973446
-0.000822523746245807 -4.25117230699954 0.310982868426311 -0.431783311470382 -0.0455951155400256 0.813578851128318 -0.000822523746245807 -0.000822523746245807 -0.000822523746245807 -0.000822523746245807 -0.000822523746245807 -0.000822523746245807 0.0892319319982158 -0.000822523746245807 -0.000822523746245807 -0.000376742601199798 -0.000822523746245807 -0.0192882918841155
0.000116384767159361 0.000116384767159361 0.000116384767159361 -1.59926014872953 0.000116384767159361 0.000116384767159361 0.000116384767159361 0.000116384767159361 0.000116384767159361 0.000116384767159361 0.000116384767159361 0.000116384767159361 -0.0424924884291088 0.000116384767159361 -0.00273747965403748 -0.0829628365579935 0.000116384767159361 0.1518369669194
0.000159984856684225 -0.19158181913647 0.241997266036312 -0.0178904977013468 -0.0259835615453715 0.0288556088762886 0.000159984856684225 0.000159984856684225 0.000159984856684225 0.000159984856684225 0.000159984856684225 0.000159984856684225 0.0599889561055327 0.000159984856684225 0.000159984856684225 0.000605766001729902 0.000159984856684225 -0.0207967323713478
0.000150807331496305 0.000150807331496305 -0.027042569802399 -0.121201101703396 -0.105976326855425 -0.0159157939957217 0.000150807331496305 0.000150807331496305 0.0228474750924797 -0.0612040780865533 0.000150807331496305 0.000150807331496305 0.000150807331496305 0.000150807331496305 -0.000837281805193935 0.000150807331496305 0.000150807331496305 0.000150807331496305
0.000298152495339155 0.000298152495339155 0.000298152495339155 -1.80363873477993 0.000298152495339155 0.000298152495339155 0.000298152495339155 0.000298152495339155 0.000298152495339155 0.000298152495339155 0.000298152495339155 0.000298152495339155 -0.153135213689541 0.000298152495339155 -0.613282698062011 -0.0925335281733666 0.000298152495339155 0.320758093318091
0.000191914934484338 0.000191914934484338 0.000191914934484338 -0.682230939705909 0.000191914934484338 0.000191914934484338 0.000191914934484338 0.000191914934484338 0.000191914934484338 0.000191914934484338 0.000191914934484338 0.000191914934484338 -0.00127670729676144 0.000191914934484338 -0.00266194948671294 -0.0447207267792453 0.000191914934484338 0.0493170358063712
0.00032337309363184 0.00032337309363184 0.00032337309363184 -0.00110008378438264 -0.00309495124968739 0.00032337309363184 0.00032337309363184 0.00032337309363184 0.00032337309363184 0.00032337309363184 0.00032337309363184 1.2586243749291 0.00032337309363184 0.00032337309363184 0.00032337309363184 -1.25716975958634 2.01358507879027 0.00032337309363184
-0.000180827492768043 0.0109538176537926 -0.000180827492768043 -0.232462799055709 -0.655388881650695 -0.000180827492768043 -0.000180827492768043 -0.000180827492768043 -0.000180827492768043 -0.000180827492768043 -0.000180827492768043 0.793939820609701 -0.000845579664223384 0.0000186759853878504 -0.000180827492768043 -0.000180827492768043 -0.000180827492768043 -0.000180827492768043
0.00387242582813963 -0.0710940681752464 0.0000159197778614173 -0.00229884761546095 0.0000159197778614173 0.0000159197778614173 0.0000159197778614173 0.0000159197778614173 0.0000159197778614173 0.0000159197778614173 0.0000159197778614173 0.172634336426643 0.0000159197778614173 -0.0000784759257336232 0.0000159197778614173 0.0000159197778614173 0.0000159197778614173 0.0000159197778614173
